# Generated by conda-lock.
# platform: win-64
# input_hash: 24fb986ac57e3f4881252c5e19f059dee704ee1f266e271fb3cfb4841eb3b727

channels:
  - conda-forge
dependencies:
  - bzip2=1.0.8=hcfcfb64_5
  - ca-certificates=2024.2.2=h56e8100_0
  - cached-property=1.5.2=hd8ed1ab_1
  - cached_property=1.5.2=pyha770c72_1
  - discretize=0.10.0=py310h4856b71_1
  - freetype=2.12.1=hdaf720e_2
  - h5py=3.10.0=nompi_py310hde4a0ea_101
  - hdf5=1.14.3=nompi_h73e8ff5_100
  - intel-openmp=2024.0.0=h57928b3_49841
  - krb5=1.21.2=heb0366b_0
  - lcms2=2.16=h67d730c_0
  - lerc=4.0.0=h63175ca_0
  - libaec=1.1.2=h63175ca_1
  - libblas=3.9.0=21_win64_mkl
  - libcblas=3.9.0=21_win64_mkl
  - libcurl=8.5.0=hd5e4a3a_0
  - libdeflate=1.19=hcfcfb64_0
  - libffi=3.4.2=h8ffe710_5
  - libhwloc=2.9.3=default_haede6df_1009
  - libiconv=1.17=hcfcfb64_2
  - libjpeg-turbo=3.0.0=hcfcfb64_1
  - liblapack=3.9.0=21_win64_mkl
  - libpng=1.6.42=h19919ed_0
  - libspatialindex=1.9.3=h39d44d4_4
  - libsqlite=3.44.2=hcfcfb64_0
  - libssh2=1.11.0=h7dfc565_0
  - libtiff=4.6.0=h6e2ebb7_2
  - libwebp-base=1.3.2=hcfcfb64_0
  - libxcb=1.15=hcd874cb_0
  - libxml2=2.12.5=hc3477c8_0
  - libzlib=1.2.13=hcfcfb64_5
  - m2w64-gcc-libgfortran=5.3.0=6
  - m2w64-gcc-libs=5.3.0=7
  - m2w64-gcc-libs-core=5.3.0=7
  - m2w64-gmp=6.1.0=2
  - m2w64-libwinpthread-git=5.0.0.4634.697f757=2
  - mkl=2024.0.0=h66d3029_49657
  - msys2-conda-epoch=20160418=1
  - numpy=1.23.5=py310h4a8f9c9_0
  - openjpeg=2.5.0=h3d672ee_3
  - openssl=3.2.1=hcfcfb64_0
  - pillow=10.2.0=py310h1e6a543_0
  - pip=24.0=pyhd8ed1ab_0
  - pthread-stubs=0.4=hcd874cb_1001
  - pthreads-win32=2.9.1=hfa6e2cd_3
  - python=3.10.13=h4de0772_1_cpython
  - python_abi=3.10=4_cp310
  - rtree=1.2.0=py310h1cbd46b_0
  - scipy=1.12.0=py310hf667824_2
  - setuptools=69.0.3=pyhd8ed1ab_0
  - tbb=2021.11.0=h91493d7_1
  - tk=8.6.13=h5226925_1
  - trimesh=4.1.3=pyhd8ed1ab_0
  - tzdata=2024a=h0c530f3_0
  - ucrt=10.0.22621.0=h57928b3_0
  - vc=14.3=hcf57466_18
  - vc14_runtime=14.38.33130=h82b7239_18
  - vs2015_runtime=14.38.33130=hcb4865c_18
  - wheel=0.42.0=pyhd8ed1ab_0
  - xorg-libxau=1.0.11=hcd874cb_0
  - xorg-libxdmcp=1.1.3=hcd874cb_0
  - xz=5.2.6=h8d14728_0
  - zstd=1.5.5=h12be248_0
  - pip:
      - annotated-types === 0.6.0 --hash=sha256:0641064de18ba7a25dee8f96403ebc39113d0cb953a01429249d5c7564666a43
      - geoapps-utils === 0.3.0a1 --hash=sha256:91e4746d916dad8439c97a5f7a32236216f3037e7690f3095318f7d12b70f762
      - geoh5py === 0.9.0a1 --hash=sha256:ddf340cc1b966ee8ac4f0bf6e0206e56e2de77f9cdbae20d07ce93fd4793bfa5
      - octree-creation-app === 0.1.0a2 --hash=sha256:2d05aa7436833888cb1d68fda95eab89858ddb74987a7f350163a346d1ebebcf
      - pydantic === 2.5.3 --hash=sha256:d0caf5954bee831b6bfe7e338c32b9e30c85dfe080c843680783ac2b631673b4
      - pydantic-core === 2.14.6 --hash=sha256:36fa402dcdc8ea7f1b0ddcf0df4254cc6b2e08f8cd80e7010d4c4ae6e86b2a87
      - scipy === 1.10.1 --hash=sha256:fae8a7b898c42dffe3f7361c40d5952b6bf32d10c4569098d276b4c547905ee1

variables:
  KMP_WARNINGS: 0
