# Generated by conda-lock.
# platform: win-64
# input_hash: cdc78a099366f649eab41ea7478b07b8b3347ccc74a341af4034ddc84a4db59b

channels:
  - conda-forge
dependencies:
  - annotated-types=0.6.0=pyhd8ed1ab_0
  - bzip2=1.0.8=hcfcfb64_5
  - ca-certificates=2023.11.17=h56e8100_0
  - cached-property=1.5.2=hd8ed1ab_1
  - cached_property=1.5.2=pyha770c72_1
  - freetype=2.12.1=hdaf720e_2
  - h5py=3.10.0=nompi_py39he8a0d39_101
  - hdf5=1.14.3=nompi_h73e8ff5_100
  - intel-openmp=2024.0.0=h57928b3_49841
  - krb5=1.21.2=heb0366b_0
  - lcms2=2.16=h67d730c_0
  - lerc=4.0.0=h63175ca_0
  - libaec=1.1.2=h63175ca_1
  - libblas=3.9.0=21_win64_mkl
  - libcblas=3.9.0=21_win64_mkl
  - libcurl=8.5.0=hd5e4a3a_0
  - libdeflate=1.19=hcfcfb64_0
  - libffi=3.4.2=h8ffe710_5
  - libhwloc=2.9.3=default_haede6df_1009
  - libiconv=1.17=hcfcfb64_2
  - libjpeg-turbo=3.0.0=hcfcfb64_1
  - liblapack=3.9.0=21_win64_mkl
  - libpng=1.6.42=h19919ed_0
  - libsqlite=3.44.2=hcfcfb64_0
  - libssh2=1.11.0=h7dfc565_0
  - libtiff=4.6.0=h6e2ebb7_2
  - libwebp-base=1.3.2=hcfcfb64_0
  - libxcb=1.15=hcd874cb_0
  - libxml2=2.12.4=hc3477c8_1
  - libzlib=1.2.13=hcfcfb64_5
  - m2w64-gcc-libgfortran=5.3.0=6
  - m2w64-gcc-libs=5.3.0=7
  - m2w64-gcc-libs-core=5.3.0=7
  - m2w64-gmp=6.1.0=2
  - m2w64-libwinpthread-git=5.0.0.4634.697f757=2
  - mkl=2024.0.0=h66d3029_49657
  - msys2-conda-epoch=20160418=1
  - numpy=1.23.5=py39hbccbffa_0
  - openjpeg=2.5.0=h3d672ee_3
  - openssl=3.2.1=hcfcfb64_0
  - pillow=10.2.0=py39h368b509_0
  - pip=23.3.2=pyhd8ed1ab_0
  - pthread-stubs=0.4=hcd874cb_1001
  - pthreads-win32=2.9.1=hfa6e2cd_3
  - pydantic=2.5.3=pyhd8ed1ab_0
  - pydantic-core=2.14.6=py39hf21820d_1
  - python=3.9.18=h4de0772_1_cpython
  - python_abi=3.9=4_cp39
  - setuptools=69.0.3=pyhd8ed1ab_0
  - tbb=2021.11.0=h91493d7_1
  - tk=8.6.13=h5226925_1
  - trimesh=4.0.10=pyhd8ed1ab_0
  - typing-extensions=4.9.0=hd8ed1ab_0
  - typing_extensions=4.9.0=pyha770c72_0
  - tzdata=2023d=h0c530f3_0
  - ucrt=10.0.22621.0=h57928b3_0
  - vc=14.3=hcf57466_18
  - vc14_runtime=14.38.33130=h82b7239_18
  - vs2015_runtime=14.38.33130=hcb4865c_18
  - wheel=0.42.0=pyhd8ed1ab_0
  - xorg-libxau=1.0.11=hcd874cb_0
  - xorg-libxdmcp=1.1.3=hcd874cb_0
  - xz=5.2.6=h8d14728_0
  - zstd=1.5.5=h12be248_0
  - pip:
      - discretize === 0.10.0 --hash=sha256:d1cd2e0c991571de0cc2b45621fd3ab838e76f26fc6b14388f862d8af14c91b2
      - geoapps-utils === 0.3.0a1 --hash=sha256:91e4746d916dad8439c97a5f7a32236216f3037e7690f3095318f7d12b70f762
      - geoh5py === 0.9.0a1 --hash=sha256:ddf340cc1b966ee8ac4f0bf6e0206e56e2de77f9cdbae20d07ce93fd4793bfa5
      - octree-creation-app === 0.1.0a2 --hash=sha256:2d05aa7436833888cb1d68fda95eab89858ddb74987a7f350163a346d1ebebcf
      - scipy === 1.10.1 --hash=sha256:7ff7f37b1bf4417baca958d254e8e2875d0cc23aaadbe65b3d5b3077b0eb23ea

variables:
  KMP_WARNINGS: 0
