# Generated by conda-lock.
# platform: win-64
# input_hash: 61976b6e2749c2c96806690f5ce5d3e3af8d2be9b1c515278c1c9ed36c957bf2

channels:
  - conda-forge
dependencies:
  - ca-certificates=2023.11.17=h56e8100_0
  - intel-openmp=2023.2.0=h57928b3_50497
  - msys2-conda-epoch=20160418=1
  - python_abi=3.9=4_cp39
  - tzdata=2023d=h0c530f3_0
  - ucrt=10.0.22621.0=h57928b3_0
  - m2w64-gmp=6.1.0=2
  - m2w64-libwinpthread-git=5.0.0.4634.697f757=2
  - vc14_runtime=14.38.33130=h82b7239_18
  - m2w64-gcc-libs-core=5.3.0=7
  - vc=14.3=hcf57466_18
  - vs2015_runtime=14.38.33130=hcb4865c_18
  - bzip2=1.0.8=hcfcfb64_5
  - lerc=4.0.0=h63175ca_0
  - libaec=1.1.2=h63175ca_1
  - libdeflate=1.19=hcfcfb64_0
  - libffi=3.4.2=h8ffe710_5
  - libiconv=1.17=hcfcfb64_2
  - libjpeg-turbo=3.0.0=hcfcfb64_1
  - libsqlite=3.44.2=hcfcfb64_0
  - libwebp-base=1.3.2=hcfcfb64_0
  - libzlib=1.2.13=hcfcfb64_5
  - m2w64-gcc-libgfortran=5.3.0=6
  - openssl=3.2.0=hcfcfb64_1
  - pthreads-win32=2.9.1=hfa6e2cd_3
  - tk=8.6.13=h5226925_1
  - xz=5.2.6=h8d14728_0
  - krb5=1.21.2=heb0366b_0
  - libpng=1.6.39=h19919ed_0
  - libssh2=1.11.0=h7dfc565_0
  - libxml2=2.12.4=hc3477c8_1
  - m2w64-gcc-libs=5.3.0=7
  - python=3.9.18=h4de0772_1_cpython
  - zstd=1.5.5=h12be248_0
  - brotli-python=1.1.0=py39h99910a6_1
  - cached_property=1.5.2=pyha770c72_1
  - certifi=2023.11.17=pyhd8ed1ab_0
  - charset-normalizer=3.3.2=pyhd8ed1ab_0
  - freetype=2.12.1=hdaf720e_2
  - idna=3.6=pyhd8ed1ab_0
  - libcurl=8.5.0=hd5e4a3a_0
  - libhwloc=2.9.3=default_haede6df_1009
  - libtiff=4.6.0=h6e2ebb7_2
  - packaging=23.2=pyhd8ed1ab_0
  - platformdirs=4.1.0=pyhd8ed1ab_0
  - pthread-stubs=0.4=hcd874cb_1001
  - pytz=2023.3.post1=pyhd8ed1ab_0
  - setuptools=69.0.3=pyhd8ed1ab_0
  - six=1.16.0=pyh6c4a22f_0
  - wheel=0.42.0=pyhd8ed1ab_0
  - win_inet_pton=1.1.0=pyhd8ed1ab_6
  - xorg-libxau=1.0.11=hcd874cb_0
  - xorg-libxdmcp=1.1.3=hcd874cb_0
  - cached-property=1.5.2=hd8ed1ab_1
  - hdf5=1.14.3=nompi_h73e8ff5_100
  - lcms2=2.16=h67d730c_0
  - libxcb=1.15=hcd874cb_0
  - openjpeg=2.5.0=h3d672ee_3
  - pip=23.3.2=pyhd8ed1ab_0
  - pysocks=1.7.1=pyh0701188_6
  - python-dateutil=2.8.2=pyhd8ed1ab_0
  - tbb=2021.11.0=h91493d7_0
  - mkl=2023.2.0=h6a75c08_50497
  - pillow=10.2.0=py39h368b509_0
  - urllib3=2.1.0=pyhd8ed1ab_0
  - libblas=3.9.0=20_win64_mkl
  - requests=2.31.0=pyhd8ed1ab_0
  - libcblas=3.9.0=20_win64_mkl
  - liblapack=3.9.0=20_win64_mkl
  - pooch=1.8.0=pyhd8ed1ab_0
  - numpy=1.23.5=py39hbccbffa_0
  - h5py=3.10.0=nompi_py39he8a0d39_101
  - pandas=1.5.3=py39h2ba5b7c_1
  - scipy=1.10.1=py39hde5eda1_3
  - pip:
    - geoh5py === 0.8.0 --hash=sha256:40736dd6e0db984e5d659a159ed834117f3c1e2366f9ad26d080763745d008dc

variables:
  KMP_WARNINGS: 0
